800067369078927360
799755261028093953
799475636846792705
799450468707467264
799423621517053956
799367035289354240
799348873659457536
799296606533095424
798979523479879680
798950987784327169
798633759666900993
798571605827809280
798526384268136448
798285100098068480
798225784024403968
797907230750191617
797898110328393729
797180812596649984
797173164111339520
796872626727632896
796761872166948864
796450139359494144
796412960587423744
796265083336724480
796207279066337280
796190113520750592
796146250093502464
796141691249905665
796135149461090305
796125481019944960
796058851376173056
796019514538266624
795781894138802176
795741279439110144
795724209519370240
795678588750077952
795657549114523648
795297828176175104
795059210216034304
794691266311122944
794677956413038592
794571115867668480
794298927134613504
794204569584615428
793962489276866560
793928274355159040
793867614107729920
793850486742880261
793841977334767616
793585892317204480
793499920892256256
793491078926049280
793294229002788864
793258511710822400
793236616512888832
793225673670131712
793165903558868992
793143025555808258
792528602831085568
791777420076396544
791313392115998720
791039488252272641
790932998568808448
790911133884440576
790692885897195521
790670280892952577
790644487718522881
789618955887312898
789606704287584256
789566346430263296
789311463143858178
789286899156299778
789276984547303424
789261672426811392
789202298425585664
789172375443038209
789153105128546304
788938485096775680
788932711423500288
788907743071449089
788892626388824065
788873384067080192
788807843080122368
788788769352593409
788780000119881729
788500945906786304
788411564994940928
788152910693535744
788018497800458240
787813038128713728
787755838576308224
787080801364025344
787067438487576576
787038434011389952
786774483235332098
786748712324182016
786724258491817984
786702003221196800
786657883660414976
786608748861153280
786602221488136192
786286652930961409
786239952992342018
785952854523514880
785903425451982848
785879632935424000
785569154732429313
785558176183652352
785544380006305792
785520297520697344
785322512280276992
785309019229462528
785308367942131712
785284806254866432
785268639708491776
785243127418195968
785179819768033282
785130349147803650
784789384092454912
784514369811906560
784487835319488513
784431101410369536
784235417436430336
784212480293601280
784181851447435264
784168182944641024
784142479352139776
784104761452695552
784073293628223489
783818116950142977
783732541568143360
783706815808745473
783498957561278464
783496287375065088
783472878683512832
783457040114982912
783441695887101956
783398851310788616
783345967319752704
783339924640509952
783047192428765184
782995212142391297
782981111387267072
782739456851783681
782632032815886336
781969436118913025
781908744485548033
781708851187949568
781678684608536576
781560332938387457
781541433966637056
781279748542586886
781253380593287168
781231282768314369
781201773889413120
781160717378588672
781160119358763008
780892377313443840
780862250168881152
780811794591866880
780809477754789888
780762682504859648
780602908135923712
780600671095566336
780573748663427072
780557835180449792
780542562679398400
780445616782516224
780396679535005696
780211445531160576
780127417071316993
780055140476649472
779771224691920896
779738434181017600
779449443670032384
779372393655447552
779160802548867072
779139495648047104
779108361883176960
779082871650660353
779062901554360320
779033905412177920
779017477967663104
779003037218025472
778985385242218496
778733090130784256
778659869574299648
778650086481866752
778647724547641344
778645733809332225
778625809783197696
778581426123919360
778397896055984128
778368675606704128
778351731532967936
778338298175434752
778315350689521664
778295499140898816
778285984743952384
778270419694395392
